Sequence Number,Serial Number
8793262,1527266501
8793263,3405990597
8793264,2334280389
8793265,2611301061
8793266,734412741
8793267,2337425605
8793268,734480581
8793269,3676462533
8793270,3137803464
8793271,730731720
8793272,2606917068
8793273,3675773892
8793274,997449156
8793275,2333315275
8793276,3138246340
8793277,3420902340
8793278,2071517124
8793279,466249420
8793280,2870440871
8793281,4221531849
8793282,1530296009
8793283,2071884455
8793284,2885650114
8793285,3419872711
8793286,1000544711
8793287,2612122564
8793288,730494887
8793289,3145164748
8793290,2869514949
8793291,3943256773
8793292,3419295941
8793293,2345554117
8793294,3957894345
8793295,2873994953
8793296,998001093
8793297,3413854661
8793298,2336795337
8793299,722251721
8793300,1540270793
8793301,1534677445
8793302,3412742597
8793303,1806675145
8793304,2070654409
8793305,3145615530
8793306,1807552968
8793307,2069369288
8793308,724989641
8793309,3152115623
8793310,4225858249
8793311,1004698313
8793312,1258380970
8793313,193623719
8793314,1004034730
8793315,1799780297
8793316,3149559497
8793317,1807316681
8793318,1529757125
8793319,2611260361
8793320,3407876040
8793321,459102661
8793322,3686816709
8793323,1809615819
8793324,2869069762
8793325,2076275623
8793326,1270309802
8793327,1542939818
8793328,3149749189
8793329,2065528521
8793330,1265727689
8793331,723878587
8793332,3149693627
8793333,2882739193
8793334,3950405836
8793335,3947014594
8793336,1000364970
8793337,4221524906
8793338,3420147909
8793339,2071155141
8793340,997413317
8793341,3144831429
8793342,1533821125
8793343,4224678601
8793344,4215045031
8793345,2881714343
8793346,2344969420
8793347,3678103500
8793348,456943564
8793349,1527281575
8793350,3947198887
8793351,459045287
8793352,2065636551
8793353,3411638183
8793354,4215819717
8793355,2881637829
8793356,4223880645
8793357,2611915977
8793358,1268731845
8793359,3413791173
8793360,3690155717
8793361,468930245
8793362,191648197
8793363,729305541
8793364,4225443781
8793365,2608539589
8793366,1001473263
8793367,2338011896
8793368,996293368
8793369,2608871928
8793370,2871606008
8793371,1798783992
8793372,4223417080
8793373,201136889
8793374,3148225273
8793375,721689593
8793376,3683006968
8793377,1532312312
8793378,191118072
8793379,3139058424
8793380,3413908217
8793381,2880183033
8793382,452991993
8793383,3679528389
8793384,1005680551
8793385,3145758887
8793386,3690620364
8793387,1263363532
8793388,2337105356
8793389,3681999556
8793390,1272961476
8793391,1800852420
8793392,2367807267
8793393,465592231
8793394,3948241063
8793395,1539773128
8793396,725703109
8793397,1269717701
8793398,2609666757
8793399,1005280197
8793400,2064677799
8793401,2342746791
8793402,3146939303
8793403,1534551207
8793404,1799970983
8793405,3680390597
8793406,3148762565
8793407,1542868165
8793408,3677175237
8793409,3417287625
8793410,3686509513
8793411,4220078533
8793412,186927813
8793413,453135045
8793414,1795403209
8793415,3153617319
8793416,1803901866
8793417,2612157610
8793418,1537051330
8793419,1269139906
8793420,3678505666
8793421,3944910018
8793422,2069781930
8793423,200564138
8793424,1258576581
8793425,4227554757
8793426,2347731906
8793427,2870356903
8793428,2882501321
8793429,2342161090
8793430,1268419266
8793431,1266257090
8793432,2604763842
8793433,457989546
8793434,2875022762
8793435,3948830122
8793436,2348436677
8793437,3943710405
8793438,731331525
8793439,2873183941
8793440,192368325
8793441,727142597
8793442,1004555973
8793443,1261453509
8793444,3956359365
8793445,3679338693
8793446,4213064133
8793447,724582341
8793448,3145935271
8793449,3144886695
8793450,2883397799
8793451,728129959
8793452,1000301223
8793453,3142541226
8793454,3683278762
8793455,462118826
8793456,460328901
8793457,187961029
8793458,1807353770
8793459,3676442053
8793460,2608336581
8793461,1274283178
8793462,3150909893
8793463,3956599691
8793464,723435970
8793465,1006506829
8793466,3944878669
8793467,200469899
8793468,2337445260
8793469,3954580910
8793470,3407357863
8793471,2873518028
8793472,2613733068
8793473,454260647
8793474,993098151
8793475,1798514855
8793476,3137546151
8793477,3951251397
8793478,2607828677
8793479,188039365
8793480,2335456453
8793481,732581829
8793482,3944571559
8793483,1260464807
8793484,2880187047
8793485,1258563495
8793486,999761831
8793487,1805912746
8793488,2609188010
8793489,187515333
8793490,2872903850
8793491,1271867559
8793492,2077173927
8793493,2607434949
8793494,1534515906
8793495,2068241090
8793496,3152807338
8793497,3951780263
8793498,2347262119
8793499,3152830631
8793500,3139789479
8793501,3681376938
8793502,3944111018
8793503,195762087
8793504,2345099178
8793505,2869709509
8793506,460540357
8793507,732908229
8793508,3149100745
8793509,464680649
8793510,2873807812
8793511,1273461159
8793512,2074769063
8793513,4219123906
8793514,2072819906
8793515,3146561730
8793516,2870524354
8793517,2344035781
8793518,3687524549
8793519,461908165
8793520,3675163842
8793521,3675727527
8793522,2333354663
8793523,2348006594
8793524,2603952295
8793525,195176359
8793526,3422011330
8793527,3416402599
8793528,4211944103
8793529,3138136743
8793530,2064394919
8793531,460379076
8793532,990915269
8793533,3417909445
8793534,3138299586
8793535,461474754
8793536,194348994
8793537,1539484098
8793538,192587970
8793539,1529969063
8793540,458074050
8793541,3957532839
8793542,2074184130
8793543,1000876711
8793544,1527020199
8793545,1532680388
8793546,1274181287
8793547,457275849
8793548,1796832167
8793549,1004762791
8793550,1536384682
8793551,3944332994
8793552,2341846210
8793553,194493634
8793554,1261643943
8793555,2603755687
8793556,1000679335
8793557,2074355623
8793558,2601659047
8793559,3958750658
8793560,3953928871
8793561,3680943554
8793562,1804589252
8793563,730978500
8793564,1266137282
8793565,1538074535
8793566,730839234
8793567,3951999170
8793568,1002776743
8793569,736503975
8793570,2339029186
8793571,1542858693
8793572,3415549125
8793573,3146766532
8793574,1539077577
8793575,2872735689
8793576,3946477513
8793577,2064852421
8793578,1265780906
8793579,994125509
8793580,1800501927
8793581,4226578377
8793582,3679115204
8793583,726193860
8793584,3143750852
8793585,3418466977
8793586,2346504898
8793587,3686860714
8793588,1811687079
8793589,3682958247
8793590,1266034343
8793591,201270951
8793592,1275012775
8793593,1807985090
8793594,3410218946
8793595,2336477122
8793596,187420610
8793597,3954560706
8793598,2879104706
8793599,3144055463
8793600,1001747913
8793601,2065005001
8793602,4224146373
8793603,2064211653
8793604,2347357892
8793605,3957380804
8793606,3674889898
8793607,1797329608
8793608,3947367880
8793609,993556425
8793610,3679877543
8793611,3145344679
8793612,724641959
8793613,3674679207
8793614,1264900036
8793615,2874756037
8793616,3418787782
8793617,464102340
8793618,3145704132
8793619,2607262921
8793620,1533849545
8793621,1273514949
8793622,1264208837
8793623,1534635721
8793624,191779269
8793625,3413799591
8793626,1006598055
8793627,192967335
8793628,2615245513
8793629,456162249
8793630,196244937
8793631,3943271874
8793632,3152577218
8793633,723028162
8793634,2608818380
8793635,1267038409
8793636,3682891977
8793637,2338093479
8793638,2341829287
8793639,2881976743
8793640,1797682889
8793641,3953228711
8793642,1539144615
8793643,3408908226
8793644,3953863335
8793646,2073438119
8793647,2341190850
8793648,462208194
8793649,187633861
8793650,1540071108
8793651,3683433666
8793652,3955507141
8793653,1006594218
8793654,1273736649
8793655,3406643141
8793656,469319109
8793657,1804762054
8793658,1800503750
8793659,3718904609
8793660,1837432353
8793661,2339808196
8793662,460176066
8793663,200653506
8793664,1274395330
8793665,736176295
8793666,1003104423
8793667,468694978
8793668,1809758146
8793670,733061316
8793671,4215224232
8793672,2339131845
8793673,1541361861
8793674,2873396427
8793675,1799654603
8793676,738102219
8793677,3959262155
8793678,3686763467
8793679,731877323
8793680,1004475080
8793681,1259066820
8793682,458582476
8793683,2877937860
8793684,1270797508
8793685,1534289100
8793686,3153880012
8793687,4216612300
8793688,4224940455
8793689,2343115719
8793690,3421380039
8793691,460613580
8793692,2607404996
8793693,3957013957
8793694,2869616324
8793695,1543361732
8793696,1800786884
8793697,1270995140
8793698,2340513740
8793699,4226966988
8793700,1800758732
8793701,998337450
8793702,2874501546
8793703,727214506
8793704,2079067050
8793705,3142074309
8793706,193020101
8793707,1803436229
8793708,460072389
8793709,3681428933
8793710,2342605509
8793711,3408940485
8793712,2335133125
8793713,3945873349
8793714,1800556997
8793715,2885505221
8793716,2884259013
8793717,1542803653
8793718,3686907586
8793719,465747650
8793720,1272364226
8793721,4213895849
8793722,2069427113
8793723,193472680
8793724,763232033
8793725,1563819809
8793726,196067778
8793727,3414932674
8793728,3152763845
8793729,1539418785
8793730,1269069513
8793731,995129289
8793732,3152219592
8793733,3141408200
8793734,1803488968
8793735,1259691461
8793736,3146675879
8793737,3414843815
8793738,2607950247
8793739,192162215
8793740,1536843687
8793741,195241895
8793742,2067736743
8793743,989924010
8793744,196678856
8793745,995693000
8793746,2332516266
8793747,3419495850
8793748,1541825703
8793749,1808818599
8793750,999710887
8793751,1805849800
8793752,737435077
8793753,3944307653
8793754,4214119877
8793755,3944425157
8793756,2332255399
8793757,1263261636
8793758,1530779332
8793759,2341430988
8793760,1530356940
8793761,1798690500
8793762,3689206724
8793763,3958662604
8793764,2870332610
8793765,1537615045
8793766,2884708037
8793767,2605000389
8793768,3683657413
8793769,1261119429
8793770,2608409511
8793771,1541105356
8793772,1810225092
8793773,2872825540
8793774,3684357828
8793775,4214450124
8793776,2611599044
8793777,1540215748
8793778,3681081540
8793779,461334476
8793780,456709316
8793781,1537528772
8793782,1808127172
8793783,4225160132
8793784,3675902916
8793785,192785353
8793786,2870192841
8793787,3138431945
8793788,1258400713
8793789,1807461577
8793790,1801628361
8793791,728869577
8793792,3676155081
8793793,456411333
8793794,1807763397
8793795,3943148745
8793796,2339482569
8793797,194534853
8793798,3413513160
8793799,2870703817
8793800,998989735
8793801,3420160706
8793802,3681887911
8793803,192489127
8793804,469444263
8793805,1543120551
8793806,1810499498
8793807,4223206314
8793808,3138760137
8793809,729681066
8793810,186480329
8793811,2078046665
8793812,1004370377
8793813,2873785033
8793814,2606068903
8793815,4224154023
8793816,4218188967
8793817,3421468327
8793818,2880273063
8793819,3959380650
8793820,2607445159
8793821,195591079
8793822,2068675273
8793823,4225530313
8793824,3406593191
8793825,2602465447
8793826,2072279975
8793827,1539142567
8793828,3949689545
8793829,3416556475
8793830,2336955641
8793831,2604040379
8793832,1811576777
8793833,3414351300
8793834,3677309125
8793835,4224073157
8793836,2079775940
8793837,2612492745
8793838,735803337
8793839,1259920324
8793840,1006401481
8793841,2080077769
8793842,3153754057
8793843,2342800069
8793844,2340662985
8793845,191541193
8793846,993045449
8793847,3410602697
8793848,990227657
8793849,2616413125
8793850,3419950021
8793851,3954920645
8793852,456280261
8793853,466111173
8793854,1538447810
8793855,2612124098
8793856,1538513346
8793857,469752258
8793858,3415636169
8793859,999717065
8793860,1538942156
8793861,1000332228
8793862,2077057996
8793863,3678107593
8793864,1265817796
8793865,2870924996
8793866,729603524
8793867,2604411077
8793868,2078582945
8793869,3676482249
8793870,2073130407
8793871,2885515687
8793872,2339776167
8793873,459688389
8793874,998984133
8793875,2617235906
8793876,3945550021
8793877,1261612745
8793878,3682119369
8793879,1273286130
8793880,195837644
8793881,2873683394
8793882,469691586
8793883,1261607108
8793884,2878226631
8793885,1806096370
8793886,2882066418
8793887,1001707506
8793888,3138599159
8793889,3683072759
8793890,2885012210
8793891,3675507698
8793892,2605632498
8793893,2608647154
8793894,467948739
8793895,997202636
8793896,3679082691
8793897,2601998531
8793898,200359372
8793899,3148824524
8793900,3143179755
8793901,1535319787
8793902,3686731720
8793903,3959372748
8793904,459018440
8793905,2877351593
8793906,998959529
8793907,3947900611
8793908,1530015683
8793909,190803913
8793910,1529286344
8793911,3676704456
8793912,2337672136
8793913,184621511
8793914,3406589129
8793915,3942936521
8793916,2074143101
8793917,3420598467
8793918,3682888649
8793919,3419735496
8793920,1535829673
8793921,1527974088
8793922,3956853234
8793923,3142896626
8793924,3676555762
8793925,3421752306
8793926,1541393394
8793927,2079181042
8793928,1262668530
8793929,1003603954
8793930,1263520498
8793931,2339556082
8793932,3139357426
8793933,4218997234
8793934,4214148338
8793935,4213099762
8793936,4224340163
8793937,3956036547
8793938,2604623565
8793939,1263620547
8793940,2334745549
8793941,1262185677
8793942,727404995
8793943,3944246477
8793944,1531275981
8793945,1259826381
8793946,2613404365
8793947,997444338
8793948,3680815858
8793949,1802685426
8793950,2346789832
8793951,461958781
8793952,2873507276
8793953,1270346365
8793954,1533761219
8793955,1535193548
8793956,460019395
8793957,1529485772
8793958,185211852
8793959,3689299404
8793960,2063800524
8793961,197023939
8793962,2078486732
8793964,2873251267
8793965,3420810953
8793966,736127945
8793967,3677161928
8793968,3957918408
8793969,3420870851
8793970,3416943053
8793971,4217786819
8793972,1004689091
8793973,3144047299
8793974,2070239939
8793975,2880133319
8793976,3952286151
8793977,2878544327
8793978,994908615
8793979,3422108364
8793980,2079021767
8793981,3410695880
8793982,466574791
8793983,1798018500
8793984,2065128903
8793985,2334747627
8793986,2333470914
8793987,2337468610
8793988,464164804
8793989,458151410
8793990,4224334327
8793991,2608388338
8793992,736311799
8793993,999741426
8793994,2336934898
8793995,2606654669
8793996,3146607053
8793997,460770290
8793998,1809328537
8793999,1540434585
8794000,200841412
8794001,462563779
8794002,3143233405
8794003,2609648584
8794004,993718653
8794005,190866637
8794006,1005411766
8794007,993936875
8794008,3421265334
8794009,1539851499
8794010,2600627179
8794011,3418774966
8794012,996237303
8794013,2066443243
8794014,1273519542
8794015,2611567798
8794016,2612811203
8794017,468735683
8794018,995051243
8794019,2067488182
8794020,3412744643
8794021,990783685
8794022,2072532931
8794023,3950256069
8794024,2340277490
8794025,3412969714
8794026,2071776498
8794027,990859255
8794028,2074663154
8794029,1535367154
8794030,3146421188
8794031,3943706265
8794032,999300331
8794033,995696875
8794034,4211153100
8794035,1527322828
8794036,2884393155
8794037,197606604
8794038,990583756
8794039,993875651
8794040,2065193155
8794041,3149749430
8794042,1530612459
8794043,2335787755
8794044,2874690283
8794045,2871466444
8794046,3945160118
8794047,197287350
8794048,2610306757
8794049,725011442
8794050,2342636274
8794051,1542179570
8794052,3678096107
8794053,727411947
8794054,725707243
8794055,2347851190
8794056,1803376839
8794057,993302724
8794058,2347371976
8794059,2333142909
8794060,2337796733
8794061,3147245507
8794062,1274433987
8794063,3956500429
8794064,195777219
8794065,3416937155
8794066,2874954179
8794067,2875545283
8794068,2065437896
8794069,3679786696
8794070,3421395395
8794071,1535072707
8794072,461330883
8794073,2078087623
8794074,3151763911
8794075,3422297543
8794076,3690371268
8794077,1540958617
8794078,2066493081
8794079,1796483481
8794080,459750135
8794081,3953938423
8794082,3683703026
8794083,460667639
8794084,1002084036
8794085,2068157380
8794086,724118937
8794087,3675663769
8794088,462630041
8794089,995036616
8794090,1529679816
8794091,2881509571
8794092,1263100877
8794093,3942931139
8794094,2882360771
8794095,1267098829
8794096,2344284797
8794097,3959183043
8794098,1801611213
8794099,2065717703
8794100,4225900229
8794101,4215297475
8794102,2878218437
8794103,994993101
8794104,734982525
8794105,2613600973
8794106,458825669
8794107,3146326213
8794108,1000678085
8794109,731404999
8794110,2077907911
8794111,2880262851
8794112,1803181255
8794113,3417854147
8794114,1532631756
8794115,1271863756
8794116,3154057932
8794117,2614319299
8794118,457120972
8794119,2604670156
8794120,1809012931
8794121,3686405576
8794122,2874228172
8794123,3412545987
8794124,1266375879
8794125,2610451139
8794126,190009795
8794127,3422055117
8794128,3957741763
8794129,2068273347
8794130,4212873411
8794131,991647939
8794132,1273518275
8794133,3679610061
8794134,2883194312
8794135,2076053448
8794136,1541888195
8794137,2076415428
8794138,2338822084
8794139,2064014019
8794140,193943491
8794141,3675932395
8794142,469196214
8794143,3410058678
8794144,465585643
8794145,3150333163
8794146,4225392054
8794147,2075942070
8794148,1263441092
8794149,188584900
8794150,3951836364
8794151,991423682
8794152,2613006540
8794153,3148893644
8794154,2601864652
8794155,3139055513
8794156,3414332356
8794157,2616890308
8794158,3416561604
8794159,2606312857
8794160,186736069
8794161,1261189623
8794162,3677108727
8794163,1805375474
8794164,1263154935
8794165,1258346738
8794166,2345875959
8794167,3948992498
8794168,2075318258
8794169,3943184631
8794170,3141679607
8794171,2332765081
8794172,3683802055
8794173,3138312434
8794174,2870884855
8794175,1267587314
8794176,1806031090
8794177,2879606775
8794178,3951442679
8794179,3676132087
8794180,2077712807
8794181,3153549767
8794182,1530740172
8794183,1006522819
8794184,3675740099
8794185,4218771139
8794186,190666951
8794187,2883672515
8794188,185358275
8794189,1536114380
8794190,2879667404
8794191,462700236
8794192,995609586
8794193,732548082
8794194,2603535346
8794195,1270336498
8794196,990452971
8794197,4216987115
8794198,2340080626
8794199,3416706034
8794200,3956198130
8794201,455986162
8794202,1801869763
8794203,1264670403
8794204,3951836108
8794205,2342075084
8794206,3686296269
8794207,2876594883
8794208,1263753411
8794209,2078960333
8794210,2076271565
8794211,458966763
8794212,3689176502
8794213,2345164214
8794214,1530218987
8794215,2881832427
8794216,737697527
8794217,3952363499
8794218,2878031339
8794219,1006198519
8794220,1796086732
8794221,1527666627
8794222,1807889100
8794223,3145609676
8794224,3421590723
8794225,3420732876
8794226,2880453836
8794227,4218902979
8794228,461920195
8794229,3685635523
8794230,3683003592
8794231,4223398269
8794232,190847692
8794233,3680770764
8794234,199907779
8794235,2332711619
8794236,1001992140
8794237,2333038531
8794238,2335205867
8794239,2078956982
8794240,2066636214
8794241,2342542518
8794242,734348779
8794243,1539131115
8794244,735528171
8794245,3414113996
8794246,3418706883
8794247,4218502092
8794248,462372044
8794249,728128195
8794250,3948298444
8794251,2340437708
8794252,1811364556
8794253,1274624716
8794254,734944455
8794255,4222577101
8794256,2340056013
8794257,1261530317
8794258,2614323917
8794259,2072926659
8794260,469329101
8794261,1273911747
8794262,3688720333
8794263,3418710733
8794264,2875024589
8794265,3957479107
8794266,3411830733
8794267,3682555843
8794268,1263953613
8794269,2879219917
8794270,997723848
8794271,1542084803
8794272,3147459533
8794273,2882557379
8794274,2615043021
8794275,4225198797
8794276,1268642173
8794277,190735565
8794278,1527049853
8794279,3686360013
8794280,731340231
8794281,199256013
8794282,1273392363
8794283,186736631
8794284,4212547575
8794285,732850411
8794286,2066608765
8794287,723121021
8794288,190247037
8794289,3953913469
8794290,2607835085
8794291,3947491197
8794292,2868995533
8794293,2069436871
8794294,2344316365
8794295,3958528451
8794296,455753676
8794297,3149484739
8794298,992635085
8794299,4217005773
8794300,1270234316
8794301,2075154371
8794302,3406649539
8794303,4214971335
8794304,3957348803
8794305,1529632195
8794306,469265357
8794307,2064865987
8794308,4214963660
8794309,2344441283
8794310,3407619269
8794311,2609651909
8794312,3137871813
8794313,459364803
8794314,3411882956
8794315,462905014
8794316,1259957453
8794317,2874697677
8794318,3143931588
8794319,466588612
8794320,3408616647
8794321,2607176135
8794322,1798986695
8794323,4216582013
8794324,4225719239
8794325,1801804231
8794326,463551692
8794327,2067133053
8794328,2613329868
8794329,1806909388
8794330,1806647244
8794331,724254668
8794332,2064923852
8794333,2341682892
8794334,1806520259
8794335,2611695811
8794336,1542017987
8794337,3150135244
8794338,3677967811
8794339,2883802307
8794340,1528640204
8794341,2079216067
8794342,1808872140
8794343,1004950476
8794344,190272451
8794345,196623564
8794346,200239821
8794347,2067489741
8794348,2066018685
8794349,2603314637
8794350,1538876877
8794351,723021005
8794352,2342809037
8794353,722167245
8794354,2073455565
8794355,3143724489
8794356,2872798153
8794357,1002505928
8794358,1264938441
8794359,3137367753
8794360,187853513
8794361,2872273609
8794362,728328905
8794363,1004203714
8794364,467463874
8794365,998647237
8794366,724473284
8794367,4214566553
8794368,2336894361
8794369,3675471559
8794370,4212477388
8794371,2336372471
8794372,2078881783
8794373,1273640951
8794374,3138050290
8794375,1539528899
8794376,1529885388
8794377,1529950924
8794378,995513539
8794379,1273583308
8794380,2339715831
8794381,3944139250
8794382,1006094322
8794383,1264897010
8794384,4212705778
8794385,3943156466
8794386,3674952387
8794387,1527599811
8794388,995185859
8794389,4216411331
8794390,465786316
8794391,192959692
8794392,1529827532
8794393,727011779
8794394,460214723
8794395,2335199436
8794396,3421781452
8794397,458309068
8794398,3679469004
8794399,4214616701
8794400,3954635389
8794401,994964093
8794402,186542541
8794403,2074668226
8794404,732129485
8794405,2343920589
8794406,4224013251
8794407,4216738755
8794408,995513283
8794409,2332376268
8794410,2616278476
8794411,3689954764
8794412,1258511043
8794413,1533696707
8794414,3682089932
8794415,4220600012
8794416,1258503372
8794417,2615425740
8794418,731712455
8794419,2882884044
8794420,3409046653
8794421,4225362557
8794422,2346990284
8794423,726347980
8794424,2881917892
8794425,3680464107
8794426,3945098219
8794427,2074635243
8794428,1269655787
8794429,2344639926
8794430,2346016182
8794431,2344692889
8794432,1264781255
8794433,1000745369
8794434,2074487193
8794435,1808504260
8794436,730676428
8794437,4214379459
8794438,3689306307
8794439,4223686851
8794440,1002461379
8794441,197749965
8794442,1534553037
8794443,454388941
8794444,3943061443
8794445,2878361539
8794446,1810256323
8794447,1258438348
8794448,3405987532
8794449,3150593484
8794450,1003240908
8794451,2600681164
8794452,193326717
8794453,2611408509
8794454,3416191357
8794455,1528709068
8794456,2339584972
8794457,2608544716
8794458,738127997
8794459,3957079500
8794460,2605596108
8794461,1266761420
8794462,4214378435
8794463,185285580
8794464,2881961164
8794465,3943841996
8794466,3410449859
8794467,2336773571
8794468,1263097283
8794469,1538414019
8794470,1533555660
8794471,1802056652
8794472,3407557324
8794473,1272066764
8794474,727734723
8794475,1528574668
8794476,1272132300
8794477,4223611596
8794478,4227657085
8794479,3411753932
8794480,722353100
8794481,729214589
8794482,2332638924
8794483,3947969996
8794484,2343845836
8794485,3407888588
8794486,2612542668
8794487,2874757571
8794488,3419104973
8794489,1001743821
8794490,2614711235
8794491,736581827
8794492,2884131011
8794493,992895949
8794494,2882819011
8794495,2883349197
8794496,458969539
8794497,2882228419
8794498,725314253
8794499,2608032717
8794500,999003332
8794501,3420756164
8794502,3951782861
8794503,1538811341
8794504,2877842893
8794505,1810323651
8794506,727538115
8794507,2875087299
8794508,4226574029
8794509,2344051405
8794510,2342284493
8794511,3676596685
8794512,2873946749
8794513,3407277693
8794514,1811178701
8794515,1273194189
8794516,196698829
8794517,2067883725
8794518,2882883779
8794519,1809141955
8794520,464670915
8794521,3685830851
8794522,3686427341
8794523,1535141069
8794524,1004431309
8794525,458445763
8794526,1809050281
8794527,1271132073
8794528,4225395657
8794529,1259433417
8794530,1004820163
8794531,1534205893
8794532,726213061
8794533,2078024133
8794534,2601984965
8794535,3677955013
8794536,1799771587
8794537,2075481539
8794538,3149288899
8794539,3689356997
8794540,2344821189
8794541,2338267589
8794542,3689291461
8794543,2874955459
8794544,3413665997
8794545,2870892739
8794546,3137742021
8794547,2076399043
8794548,199761605
8794549,2604933611
8794550,3413756146
8794551,1540432363
8794552,3950824690
8794553,3689532658
8794554,3687916011
8794555,1538676163
8794556,188963011
8794557,463610053
8794558,732118220
8794559,724080580
8794560,453651144
8794561,3413612228
8794562,194456729
8794563,189868441
8794564,3421317529
8794565,3406962155
8794566,2870222827
8794567,1264438514
8794568,1810761671
8794569,1260202393
8794570,468931011
8794571,192214141
8794572,191819389
8794573,2616736460
8794574,2604619971
8794575,4216339916
8794576,3152369347
8794577,2074229452
8794578,2881902019
8794579,1795571404
8794580,197606860
8794581,1533230540
8794582,455432387
8794583,2613525964
8794584,2875407820
8794585,3139459267
8794586,194926531
8794587,3682817987
8794588,2880322764
8794589,3943316684
8794590,1538941901
8794591,3412681933
8794592,736978125
8794593,731471303
8794594,192764103
8794595,458255595
8794596,1005280694
8794597,3684842700
8794598,463682764
8794599,454836172
8794600,1261256652
8794601,991449283
8794602,186077379
8794603,725313741
8794604,199048652
8794605,1535268803
8794606,3942799299
8794607,1004951235
8794608,4225908172
8794609,2072526540
8794610,1005206988
8794611,2884255180
8794612,995709379
8794613,3406425981
8794614,2881285757
8794615,2344611453
8794616,2073312972
8794617,2334867404
8794618,3946659788
8794619,996228044
8794620,1002853827
8794621,3410515651
8794622,1529174211
8794623,721895116
8794624,3943120588
8794625,2871540940
8794626,3407894723
8794627,4222172364
8794628,186643069
8794629,2877549949
8794630,458976205
8794631,2079286989
8794632,192371395
8794633,1538216643
8794634,4223342280
8794635,1808798152
8794636,4214025853
8794637,2341728381
8794638,3949392509
8794639,194244989
8794640,3956273789
8794641,737697223
8794642,730815431
8794643,1006132679
8794644,993090759
8794645,3676073165
8794646,3151325901
8794647,1541171917
8794648,1274635981
8794649,467358659
8794650,186017229
8794651,4224739277
8794652,1264512893
8794653,3407868541
8794654,3417729485
8794655,1259428547
